10,182
10,286
10,130
10,166
10,276
10,159
11,8
9,6
9,4
9,2
9,3
8,11
8,12
8,5
8,14
44,3
44,2
44,1
44,0
43,3
43,2
43,1
43,0
42,4
42,3
42,2
42,1
42,0
41,4
41,3
41,2
41,1
41,0
24,3
24,1
20,3
20,2
20,1
19,3
19,2
19,1
12,3
12,2
12,1
11,30
11,29
11,28
11,27
11,26
11,24
11,23
11,22
11,21
11,20
11,19
11,18
11,17
11,15
11,14
11,13
11,12
11,11
11,10
11,7
11,5
11,4
11,3
11,2
11,1
10,311
10,310
10,298
10,297
10,282
10,279
10,277
10,227
10,222
10,215
10,210
10,201
10,196
10,181
10,170
10,155
10,152
10,149
10,145
10,141
10,136
10,135
10,124
10,116
10,96
10,94
10,91
10,88
10,85
10,82
10,79
10,64
10,34
18,1
10,18
18,3
10,16
